  3444
69.00
25.00
 -9908
 -3496
 12644
69.00
25.00
 -9816
 -3600
 12700
69.00
24.00
 -9764
 -3544
 12512
69.00
24.00
 -9812
 -3624
 12656
69.00
24.00
 -9864
 -3420
 12492
69.00
24.00
 -9884
 -3500
 12696
69.00
24.00
 -9964
 -3468
 12492
69.00
24.00
 -9944
 -3512
 12588
69.00
24.00
 -9936
 -3488
 12688
69.00
24.00
 -9876
 -3556
 12716
69.00
24.00
 -9864
 -3648
 12608
69.00
24.00
 -9844
 -3512
 12704
  3444
  3444
71.00
23.00
 -9764
 -3648
 12648
71.00
23.00
 -9848
 -3564
 12596
71.00
23.00
 -9840
 -3640
 12596
71.00
23.00
 -9768
 -3592
 12608
71.00
23.00
 -9840
 -3584
 12640
71.00
23.00
-18920
  4428
 -2432
71.00
23.00
  4744
-10692
-14436
71.00
23.00
 -6780
 11688
  2484
71.00
23.00
 -4956
 10572
 11692
70.00
23.00
 -4328
 11044
 11584
70.00
23.00
 -4240
 11224
 11476
70.00
23.00
 -4260
 11068
 11624
70.00
23.00
 -4212
 11148
 11456
70.00
23.00
 -4316
 11092
 11564
70.00
23.00
 -4280
 11052
 11436
70.00
23.00
 -4396
 11172
 11456
70.00
23.00
 -4312
 11028
 11476
70.00
23.00
 -4204
 11140
 11540
70.00
23.00
 -4216
 11172
 11284
70.00
23.00
 -4332
 11092
 11360
70.00
23.00
 -4236
 11152
 11440
70.00
23.00
 -3844
 11188
 11152
